IA 5 min	Densitﻠ pﻠdite 0+/m2 (quantiles)				
	5%	25%	50%	75%	95%
1	0,002	0,007	0,012	0,019	0,036
2	0,004	0,012	0,018	0,026	0,046
3	0,007	0,016	0,023	0,031	0,053
4	0,010	0,021	0,029	0,038	0,060
5	0,014	0,026	0,034	0,044	0,069
6	0,017	0,030	0,039	0,050	0,076
7	0,021	0,035	0,045	0,057	0,083
8	0,024	0,040	0,050	0,062	0,090
9	0,028	0,044	0,056	0,069	0,097
10	0,032	0,049	0,061	0,074	0,103
11	0,035	0,054	0,066	0,080	0,111
12	0,039	0,059	0,072	0,087	0,118
13	0,044	0,064	0,077	0,091	0,127
14	0,049	0,069	0,082	0,098	0,132
15	0,052	0,074	0,087	0,103	0,138
16	0,055	0,078	0,093	0,109	0,146
17	0,059	0,084	0,099	0,116	0,153
18	0,063	0,089	0,105	0,121	0,159
19	0,068	0,094	0,110	0,128	0,167
20	0,074	0,099	0,115	0,133	0,172
21	0,078	0,104	0,121	0,140	0,180
22	0,082	0,109	0,125	0,145	0,186
23	0,087	0,115	0,132	0,151	0,192
24	0,091	0,120	0,137	0,157	0,199
25	0,095	0,124	0,142	0,162	0,206
26	0,097	0,129	0,147	0,168	0,212
27	0,103	0,135	0,154	0,174	0,220
28	0,107	0,139	0,158	0,180	0,227
29	0,111	0,145	0,165	0,187	0,232
30	0,117	0,150	0,170	0,192	0,240
31	0,121	0,154	0,175	0,197	0,244
32	0,124	0,159	0,180	0,203	0,251
33	0,129	0,165	0,186	0,209	0,258
34	0,133	0,169	0,190	0,213	0,261
35	0,138	0,174	0,196	0,218	0,266
36	0,140	0,180	0,202	0,226	0,278
37	0,147	0,185	0,207	0,231	0,281
38	0,152	0,192	0,214	0,237	0,288
39	0,155	0,195	0,218	0,243	0,294
40	0,161	0,200	0,223	0,248	0,302
41	0,166	0,206	0,228	0,253	0,309
42	0,169	0,209	0,233	0,259	0,313
43	0,174	0,215	0,240	0,266	0,323
44	0,181	0,221	0,245	0,270	0,326
45	0,186	0,227	0,250	0,276	0,332
46	0,188	0,231	0,257	0,284	0,343
47	0,194	0,238	0,263	0,290	0,345
48	0,198	0,241	0,267	0,294	0,350
49	0,203	0,247	0,274	0,301	0,359
50	0,206	0,251	0,278	0,305	0,365
51	0,213	0,257	0,284	0,312	0,374
52	0,215	0,262	0,289	0,319	0,375
53	0,223	0,268	0,295	0,323	0,384
54	0,227	0,273	0,300	0,329	0,390
55	0,230	0,277	0,306	0,334	0,396
56	0,235	0,282	0,309	0,339	0,401
57	0,238	0,287	0,316	0,346	0,409
58	0,246	0,294	0,322	0,352	0,412
59	0,246	0,297	0,327	0,357	0,421
60	0,251	0,304	0,332	0,363	0,427
61	0,260	0,310	0,338	0,369	0,431
62	0,264	0,315	0,343	0,373	0,439
63	0,269	0,318	0,347	0,378	0,444
64	0,274	0,325	0,354	0,386	0,453
65	0,276	0,329	0,359	0,391	0,458
66	0,279	0,334	0,364	0,395	0,461
67	0,287	0,340	0,371	0,403	0,467
68	0,292	0,344	0,376	0,409	0,476
69	0,294	0,350	0,382	0,415	0,484
70	0,300	0,356	0,387	0,419	0,489
71	0,305	0,360	0,391	0,425	0,491
72	0,311	0,364	0,396	0,430	0,499
73	0,315	0,372	0,403	0,438	0,508
74	0,320	0,375	0,408	0,442	0,512
75	0,326	0,381	0,413	0,447	0,521
76	0,330	0,387	0,419	0,453	0,528
77	0,334	0,391	0,424	0,458	0,528
78	0,338	0,397	0,430	0,465	0,535
79	0,343	0,401	0,434	0,471	0,544
80	0,348	0,407	0,441	0,476	0,554
81	0,355	0,411	0,445	0,482	0,556
82	0,358	0,419	0,451	0,487	0,560
83	0,361	0,422	0,457	0,494	0,569
84	0,362	0,427	0,461	0,498	0,574
85	0,372	0,434	0,469	0,505	0,581
86	0,377	0,438	0,472	0,508	0,584
87	0,380	0,443	0,477	0,515	0,591
88	0,385	0,448	0,482	0,520	0,598
89	0,391	0,453	0,489	0,527	0,603
90	0,397	0,460	0,496	0,533	0,612
91	0,400	0,464	0,500	0,537	0,616
92	0,406	0,470	0,506	0,545	0,623
93	0,408	0,474	0,510	0,550	0,626
94	0,415	0,480	0,518	0,557	0,633
95	0,420	0,486	0,524	0,562	0,643
96	0,426	0,490	0,526	0,566	0,643
97	0,428	0,496	0,534	0,574	0,650
98	0,432	0,499	0,538	0,577	0,658
99	0,439	0,505	0,542	0,583	0,661
100	0,445	0,512	0,550	0,589	0,671
101	0,451	0,515	0,554	0,596	0,680
102	0,451	0,521	0,560	0,600	0,684
103	0,457	0,526	0,565	0,607	0,693
104	0,465	0,532	0,570	0,612	0,700
105	0,468	0,536	0,575	0,614	0,701
106	0,473	0,542	0,582	0,622	0,707
107	0,476	0,547	0,588	0,629	0,718
108	0,480	0,552	0,592	0,634	0,718
109	0,488	0,559	0,599	0,641	0,728
110	0,495	0,563	0,602	0,645	0,730
111	0,500	0,566	0,608	0,650	0,734
112	0,501	0,573	0,614	0,656	0,744
113	0,506	0,578	0,620	0,662	0,749
114	0,511	0,584	0,624	0,667	0,755
115	0,514	0,589	0,630	0,672	0,757
116	0,518	0,594	0,635	0,680	0,773
117	0,526	0,599	0,638	0,681	0,770
118	0,532	0,604	0,647	0,692	0,782
119	0,537	0,611	0,651	0,696	0,781
120	0,539	0,614	0,657	0,701	0,791
121	0,547	0,619	0,663	0,708	0,796
122	0,553	0,626	0,669	0,714	0,802
123	0,551	0,628	0,670	0,716	0,808
124	0,560	0,636	0,678	0,724	0,819
125	0,562	0,643	0,686	0,732	0,822
126	0,570	0,646	0,689	0,734	0,825
127	0,577	0,652	0,697	0,743	0,838
128	0,577	0,655	0,699	0,744	0,839
129	0,584	0,662	0,706	0,753	0,849
130	0,589	0,667	0,713	0,757	0,848
131	0,597	0,673	0,718	0,764	0,854
132	0,596	0,677	0,721	0,770	0,864
133	0,605	0,682	0,726	0,774	0,868
134	0,609	0,688	0,734	0,780	0,883
135	0,613	0,693	0,737	0,783	0,878
136	0,622	0,697	0,743	0,791	0,890
137	0,624	0,701	0,747	0,793	0,895
138	0,630	0,710	0,755	0,802	0,905
139	0,636	0,713	0,759	0,810	0,911
140	0,640	0,720	0,765	0,812	0,911
141	0,646	0,725	0,772	0,819	0,916
142	0,645	0,730	0,775	0,823	0,924
143	0,654	0,736	0,782	0,831	0,931
144	0,657	0,742	0,787	0,837	0,935
145	0,663	0,747	0,795	0,842	0,942
146	0,664	0,750	0,798	0,848	0,946
147	0,673	0,755	0,802	0,853	0,956
148	0,681	0,762	0,810	0,859	0,963
149	0,682	0,768	0,814	0,862	0,966
150	0,684	0,770	0,820	0,870	0,969
151	0,690	0,777	0,824	0,872	0,982
152	0,696	0,783	0,831	0,883	0,981
153	0,704	0,788	0,838	0,887	0,986
154	0,706	0,796	0,844	0,893	0,998
155	0,712	0,799	0,846	0,898	1,002
156	0,722	0,805	0,854	0,906	1,012
157	0,718	0,809	0,857	0,908	1,017
158	0,724	0,814	0,865	0,917	1,023
159	0,730	0,820	0,870	0,921	1,031
160	0,736	0,824	0,874	0,927	1,035
161	0,743	0,829	0,878	0,932	1,041
162	0,747	0,833	0,883	0,937	1,047
163	0,752	0,840	0,889	0,942	1,052
164	0,757	0,846	0,896	0,949	1,056
165	0,760	0,850	0,901	0,953	1,060
166	0,763	0,856	0,906	0,959	1,075
167	0,770	0,863	0,912	0,963	1,072
168	0,771	0,866	0,916	0,973	1,084
169	0,782	0,872	0,925	0,980	1,087
170	0,782	0,878	0,928	0,982	1,089
171	0,791	0,881	0,934	0,988	1,102
172	0,793	0,887	0,938	0,993	1,105
173	0,801	0,892	0,944	1,000	1,112
174	0,808	0,898	0,950	1,005	1,113
175	0,810	0,904	0,953	1,009	1,116
176	0,818	0,911	0,963	1,017	1,129
177	0,815	0,913	0,966	1,021	1,135
178	0,828	0,918	0,970	1,028	1,143
179	0,824	0,923	0,979	1,033	1,143
180	0,834	0,927	0,982	1,038	1,158
181	0,841	0,934	0,987	1,043	1,160
182	0,841	0,939	0,994	1,051	1,159
183	0,848	0,946	0,999	1,057	1,173
184	0,857	0,951	1,003	1,060	1,173
185	0,860	0,957	1,010	1,070	1,182
186	0,864	0,961	1,014	1,073	1,192
187	0,871	0,966	1,021	1,079	1,195
188	0,873	0,970	1,024	1,084	1,197
189	0,877	0,976	1,030	1,088	1,199
190	0,884	0,982	1,038	1,094	1,211
191	0,892	0,987	1,042	1,099	1,219
192	0,895	0,990	1,046	1,104	1,225
193	0,897	0,999	1,053	1,111	1,232
194	0,906	1,005	1,059	1,115	1,237
195	0,902	1,007	1,066	1,123	1,248
196	0,911	1,013	1,070	1,128	1,254
197	0,919	1,019	1,074	1,134	1,254
198	0,923	1,020	1,078	1,138	1,261
199	0,925	1,028	1,083	1,142	1,267
200	0,934	1,032	1,088	1,148	1,275
201	0,940	1,041	1,098	1,158	1,285
202	0,942	1,041	1,102	1,162	1,280
203	0,952	1,049	1,107	1,170	1,291
204	0,953	1,055	1,111	1,172	1,294
205	0,953	1,060	1,118	1,178	1,299
206	0,965	1,064	1,121	1,184	1,300
207	0,967	1,070	1,130	1,191	1,308
208	0,974	1,077	1,135	1,195	1,319
209	0,975	1,081	1,138	1,201	1,324
210	0,980	1,087	1,146	1,206	1,338
211	0,987	1,091	1,151	1,212	1,333
212	0,988	1,096	1,154	1,215	1,338
213	0,999	1,103	1,161	1,224	1,348
214	0,999	1,107	1,167	1,229	1,353
215	1,006	1,114	1,172	1,232	1,359
216	1,009	1,116	1,176	1,241	1,364
217	1,018	1,124	1,185	1,247	1,374
218	1,018	1,130	1,188	1,248	1,375
219	1,025	1,134	1,195	1,258	1,384
220	1,032	1,138	1,202	1,261	1,391
221	1,035	1,142	1,205	1,267	1,398
222	1,037	1,147	1,209	1,274	1,398
223	1,049	1,155	1,215	1,280	1,411
224	1,050	1,160	1,221	1,283	1,409
225	1,054	1,166	1,226	1,291	1,421
226	1,058	1,170	1,233	1,294	1,419
227	1,067	1,174	1,234	1,297	1,436
228	1,070	1,182	1,244	1,309	1,438
229	1,073	1,185	1,247	1,312	1,448
230	1,082	1,192	1,254	1,320	1,446
231	1,090	1,195	1,260	1,323	1,455
232	1,092	1,204	1,265	1,330	1,456
233	1,096	1,207	1,269	1,335	1,467
234	1,100	1,213	1,274	1,339	1,472
235	1,110	1,217	1,282	1,348	1,477
236	1,113	1,221	1,286	1,351	1,477
237	1,112	1,228	1,292	1,355	1,496
238	1,124	1,234	1,298	1,363	1,498
239	1,124	1,240	1,302	1,368	1,504
240	1,129	1,244	1,308	1,374	1,502
241	1,138	1,249	1,313	1,379	1,511
242	1,134	1,253	1,318	1,385	1,523
243	1,144	1,262	1,326	1,391	1,527
244	1,146	1,263	1,327	1,396	1,532
245	1,154	1,274	1,339	1,404	1,541
246	1,154	1,276	1,341	1,408	1,545
247	1,166	1,279	1,343	1,415	1,553
248	1,165	1,285	1,351	1,417	1,552
249	1,180	1,293	1,359	1,424	1,565
250	1,177	1,299	1,362	1,428	1,555
251	1,184	1,302	1,365	1,431	1,568
252	1,189	1,308	1,373	1,441	1,587
253	1,196	1,314	1,378	1,447	1,587
254	1,200	1,319	1,384	1,452	1,592
255	1,206	1,321	1,389	1,458	1,599
256	1,209	1,331	1,396	1,462	1,607
257	1,213	1,330	1,396	1,468	1,611
258	1,222	1,340	1,405	1,473	1,614
259	1,223	1,342	1,410	1,478	1,619
260	1,231	1,347	1,413	1,481	1,627
261	1,233	1,354	1,421	1,490	1,634
262	1,247	1,360	1,427	1,496	1,643
263	1,244	1,367	1,433	1,503	1,648
264	1,247	1,368	1,436	1,506	1,648
265	1,249	1,372	1,439	1,512	1,658
266	1,257	1,384	1,450	1,518	1,664
267	1,260	1,385	1,454	1,525	1,663
268	1,263	1,392	1,463	1,531	1,675
269	1,271	1,399	1,465	1,537	1,688
270	1,275	1,402	1,470	1,543	1,692
271	1,287	1,408	1,473	1,547	1,694
272	1,286	1,410	1,480	1,551	1,694
273	1,294	1,415	1,486	1,558	1,707
274	1,298	1,423	1,494	1,567	1,711
275	1,305	1,425	1,498	1,571	1,722
276	1,307	1,433	1,503	1,574	1,719
277	1,317	1,443	1,510	1,583	1,734
278	1,321	1,444	1,514	1,584	1,727
279	1,323	1,448	1,517	1,592	1,740
280	1,325	1,454	1,524	1,596	1,743
281	1,343	1,459	1,526	1,600	1,750
282	1,343	1,465	1,535	1,607	1,759
283	1,338	1,470	1,538	1,615	1,764
284	1,348	1,476	1,546	1,619	1,767
285	1,350	1,478	1,552	1,626	1,780
286	1,364	1,486	1,558	1,630	1,780
287	1,365	1,494	1,565	1,636	1,792
288	1,369	1,493	1,566	1,639	1,787
289	1,374	1,501	1,570	1,643	1,802
290	1,379	1,506	1,581	1,656	1,805
291	1,386	1,515	1,585	1,663	1,818
292	1,389	1,518	1,591	1,666	1,809
293	1,395	1,523	1,597	1,672	1,822
294	1,396	1,525	1,597	1,677	1,832
295	1,402	1,536	1,607	1,685	1,829
296	1,409	1,540	1,615	1,687	1,840
297	1,412	1,544	1,616	1,691	1,845
298	1,419	1,547	1,621	1,698	1,844
299	1,424	1,556	1,626	1,702	1,861
300	1,427	1,563	1,636	1,708	1,865
